8.257178e+05
4.042879e+05
3.494627e+05
6.974985e+03
7.172568e+03
7.079708e+03
7.113491e+03
7.563415e+03
7.442992e+03
7.291201e+03
7.491892e+03
7.813378e+03
2.865872e+04
3.091457e+04
2.922797e+04
3.004568e+04
3.058974e+04
3.081177e+04
3.012840e+04
3.072285e+04
3.005667e+04
4.432095e+04
4.394930e+04
4.465176e+04
4.401967e+04
4.416110e+04
4.349917e+04
4.411452e+04
4.545998e+04
4.344539e+04
1.733806e+05
1.720163e+05
1.708149e+05
1.724276e+05
2.569746e+04
1.228390e+04
1.237587e+04
1.059346e+03
1.107219e+03
1.042912e+03
1.053614e+03
1.126546e+03
1.150491e+03
1.140452e+03
1.131910e+03
1.199496e+03
1.255866e+03
1.266135e+03
1.253575e+03
1.320383e+03
1.255085e+03
1.308189e+03
1.320228e+03
1.300927e+03
1.364402e+03
2.238632e+03
2.235276e+03
2.345931e+03
2.303285e+03
2.287539e+03
2.314989e+03
2.235696e+03
2.364059e+03
2.238065e+03
6.449432e+03
6.444267e+03
6.529639e+03
6.461218e+03
